       version             X             Z     num logTs      logT min      logT max      del logT     num logQs      logQ min      logQ max      del logQ
            51        1.0000        0.0000       306            2.1000        8.2000        0.0200       527          -10.0900        5.6900        0.0300

       logQ = logRho - 2*logT + 12
      -10.090000

logT   logPgas      logE      logS       chiRho         chiT           Cp           Cv      dE_dRho        dS_dT      dS_dRho      mu  log_free_e   gamma1    gamma3   grad_ad       eta
2.10  -4.28120   9.90528   9.17145  9.88041E-01  1.03588E+00  1.14092E+08  6.83968E+07 -1.90043E+22  5.43295E+05 -4.35851E+21  0.50000 -99.00000   1.64814   1.63724   0.38664  -20.00000
2.12  -4.26120   9.92680   9.17238  9.86293E-01  1.04112E+00  1.15614E+08  6.92914E+07 -2.28483E+22  5.25629E+05 -4.38833E+21  0.50000 -99.00000   1.64565   1.63332   0.38484  -20.00000
2.14  -4.24120   9.94854   9.17332  9.84294E-01  1.04712E+00  1.17367E+08  7.03185E+07 -2.74696E+22  5.09413E+05 -4.42257E+21  0.50000 -99.00000   1.64286   1.62893   0.38283  -20.00000
2.16  -4.22120   9.97052   9.17427  9.82010E-01  1.05397E+00  1.19386E+08  7.14978E+07 -3.30258E+22  4.94644E+05 -4.46188E+21  0.50000 -99.00000   1.63975   1.62406   0.38058  -20.00000
2.18  -4.20120   9.99279   9.17523  9.79399E-01  1.06180E+00  1.21714E+08  7.28519E+07 -3.97057E+22  4.81327E+05 -4.50701E+21  0.50000 -99.00000   1.63629   1.61865   0.37808  -20.00000
2.20  -4.18120  10.01538   9.17621  9.76419E-01  1.07074E+00  1.24399E+08  7.44065E+07 -4.77368E+22  4.69473E+05 -4.55883E+21  0.50000 -99.00000   1.63246   1.61269   0.37532  -20.00000
2.22  -4.16120  10.03834   9.17722  9.73020E-01  1.08094E+00  1.27497E+08  7.61914E+07 -5.73922E+22  4.59099E+05 -4.61833E+21  0.50000 -99.00000   1.62823   1.60615   0.37227  -20.00000
2.24  -4.14120  10.06170   9.17824  9.69146E-01  1.09256E+00  1.31076E+08  7.82408E+07 -6.90006E+22  4.50229E+05 -4.68665E+21  0.50000 -99.00000   1.62359   1.59900   0.36894  -20.00000
2.26  -4.12120  10.08554   9.17929  9.64736E-01  1.10579E+00  1.35212E+08  8.05938E+07 -8.29570E+22  4.42896E+05 -4.76508E+21  0.50000 -99.00000   1.61853   1.59125   0.36530  -20.00000
2.28  -4.10120  10.10990   9.18038  9.59722E-01  1.12084E+00  1.39997E+08  8.32955E+07 -9.97362E+22  4.37141E+05 -4.85513E+21  0.50000 -99.00000   1.61304   1.58288   0.36136  -20.00000
2.30  -4.08120  10.13485   9.18150  9.54029E-01  1.13791E+00  1.45540E+08  8.63974E+07 -1.19909E+23  4.33013E+05 -4.95853E+21  0.50000 -99.00000   1.60710   1.57392   0.35712  -20.00000
2.32  -4.06120  10.16047   9.18265  9.47575E-01  1.15728E+00  1.51967E+08  8.99588E+07 -1.44163E+23  4.30570E+05 -5.07724E+21  0.50000 -99.00000   1.60074   1.56440   0.35259  -20.00000
2.34  -4.04120  10.18684   9.18386  9.40272E-01  1.17918E+00  1.59430E+08  9.40479E+07 -1.73322E+23  4.29882E+05 -5.21355E+21  0.50000 -99.00000   1.59395   1.55435   0.34778  -20.00000
2.36  -4.02120  10.21403   9.18512  9.32024E-01  1.20393E+00  1.68109E+08  9.87428E+07 -2.08379E+23  4.31028E+05 -5.37004E+21  0.50000 -99.00000   1.58677   1.54384   0.34274  -20.00000
2.38  -4.00120  10.24214   9.18644  9.22732E-01  1.23181E+00  1.78220E+08  1.04133E+08 -2.50526E+23  4.34099E+05 -5.54973E+21  0.50000 -99.00000   1.57922   1.53294   0.33747  -20.00000
2.40  -3.98120  10.27128   9.18783  9.12288E-01  1.26314E+00  1.90019E+08  1.10322E+08 -3.01199E+23  4.39201E+05 -5.75603E+21  0.50000 -99.00000   1.57132   1.52175   0.33204  -20.00000
2.42  -3.96120  10.30153   9.18931  9.00585E-01  1.29824E+00  2.03819E+08  1.17428E+08 -3.62120E+23  4.46450E+05 -5.99289E+21  0.50000 -99.00000   1.56314   1.51035   0.32649  -20.00000
2.44  -3.94120  10.33302   9.19088  8.87513E-01  1.33746E+00  2.19997E+08  1.25587E+08 -4.35364E+23  4.55979E+05 -6.26485E+21  0.50000 -99.00000   1.55470   1.49885   0.32086  -20.00000
2.46  -3.92120  10.36584   9.19255  8.72965E-01  1.38111E+00  2.39010E+08  1.34955E+08 -5.23423E+23  4.67937E+05 -6.57710E+21  0.50000 -99.00000   1.54606   1.48736   0.31523  -20.00000
2.48  -3.90120  10.40010   9.19435  8.56839E-01  1.42948E+00  2.61419E+08  1.45710E+08 -6.29293E+23  4.82491E+05 -6.93562E+21  0.50000 -99.00000   1.53726   1.47599   0.30963  -20.00000
2.50  -3.88120  10.43593   9.19628  8.39043E-01  1.48287E+00  2.87909E+08  1.58059E+08 -7.56577E+23  4.99826E+05 -7.34724E+21  0.50000 -99.00000   1.52834   1.46484   0.30415  -20.00000
2.52  -3.86120  10.47341   9.19838  8.19500E-01  1.54150E+00  3.19330E+08  1.72237E+08 -9.09605E+23  5.20148E+05 -7.81986E+21  0.50000 -99.00000   1.51937   1.45402   0.29882  -20.00000
2.54  -3.84120  10.51266   9.20065  7.98156E-01  1.60553E+00  3.56732E+08  1.88516E+08 -1.09359E+24  5.43686E+05 -8.36249E+21  0.50000 -99.00000   1.51036   1.44360   0.29370  -20.00000
2.56  -3.82120  10.55375   9.20314  7.74981E-01  1.67506E+00  4.01421E+08  2.07207E+08 -1.31478E+24  5.70695E+05 -8.98551E+21  0.50000 -99.00000   1.50137   1.43365   0.28884  -20.00000
2.58  -3.80120  10.59676   9.20586  7.49979E-01  1.75006E+00  4.55034E+08  2.28666E+08 -1.58071E+24  6.01454E+05 -9.70083E+21  0.50000 -99.00000   1.49242   1.42424   0.28426  -20.00000
2.60  -3.78120  10.64177   9.20884  7.23191E-01  1.83043E+00  5.19625E+08  2.53306E+08 -1.90043E+24  6.36275E+05 -1.05221E+22  0.50000 -99.00000   1.48354   1.41539   0.28000  -20.00000
2.62  -3.76120  10.68881   9.21213  6.94701E-01  1.91590E+00  5.97788E+08  2.81595E+08 -2.28483E+24  6.75500E+05 -1.14651E+22  0.50000 -99.00000   1.47476   1.40715   0.27608  -20.00000
2.64  -3.74120  10.73791   9.21577  6.64639E-01  2.00608E+00  6.92807E+08  3.14076E+08 -2.74696E+24  7.19506E+05 -1.25478E+22  0.50000 -99.00000   1.46610   1.39952   0.27250  -20.00000
2.66  -3.72120  10.78908   9.21979  6.33179E-01  2.10046E+00  8.08858E+08  3.51369E+08 -3.30258E+24  7.68711E+05 -1.37909E+22  0.50000 -99.00000   1.45759   1.39249   0.26927  -20.00000
2.68  -3.70120  10.84231   9.22426  6.00542E-01  2.19837E+00  9.51270E+08  3.94187E+08 -3.97057E+24  8.23572E+05 -1.52182E+22  0.50000 -99.00000   1.44926   1.38607   0.26639  -20.00000
2.70  -3.68120  10.89757   9.22922  5.66987E-01  2.29904E+00  1.12687E+09  4.43348E+08 -4.77368E+24  8.84596E+05 -1.68569E+22  0.50000 -99.00000   1.44112   1.38022   0.26383  -20.00000
2.72  -3.66120  10.95481   9.23474  5.32807E-01  2.40158E+00  1.34441E+09  4.99793E+08 -5.73922E+24  9.52336E+05 -1.87384E+22  0.50000 -99.00000   1.43321   1.37492   0.26160  -20.00000
2.74  -3.64120  11.01397   9.24089  4.98315E-01  2.50505E+00  1.61519E+09  5.64600E+08 -6.90006E+24  1.02740E+06 -2.08986E+22  0.50000 -99.00000   1.42556   1.37015   0.25965  -20.00000
2.76  -3.62120  11.07496   9.24774  4.63840E-01  2.60848E+00  1.95376E+09  6.39009E+08 -8.29570E+24  1.11047E+06 -2.33789E+22  0.50000 -99.00000   1.41818   1.36586   0.25798  -20.00000
2.78  -3.60120  11.13771   9.25537  4.29706E-01  2.71088E+00  2.37900E+09  7.24442E+08 -9.97362E+24  1.20228E+06 -2.62267E+22  0.50000 -99.00000   1.41112   1.36203   0.25655  -20.00000
2.80  -3.58120  11.20209   9.26386  3.96228E-01  2.81131E+00  2.91535E+09  8.22532E+08 -1.19909E+25  1.30363E+06 -2.94964E+22  0.50000 -99.00000   1.40438   1.35860   0.25535  -20.00000
2.82  -3.56120  11.26802   9.27332  3.63696E-01  2.90891E+00  3.59460E+09  9.35155E+08 -1.44163E+25  1.41541E+06 -3.32505E+22  0.50000 -99.00000   1.39799   1.35556   0.25434  -20.00000
2.84  -3.54120  11.33538   9.28383  3.32363E-01  3.00291E+00  4.45808E+09  1.06446E+09 -1.73322E+25  1.53862E+06 -3.75607E+22  0.50000 -99.00000   1.39197   1.35286   0.25350  -20.00000
2.86  -3.52120  11.40407   9.29550  3.02447E-01  3.09266E+00  5.55972E+09  1.21293E+09 -2.08379E+25  1.67431E+06 -4.25096E+22  0.50000 -99.00000   1.38633   1.35047   0.25280  -20.00000
2.88  -3.50120  11.47397   9.30843  2.74119E-01  3.17764E+00  6.96987E+09  1.38339E+09 -2.50526E+25  1.82366E+06 -4.81916E+22  0.50000 -99.00000   1.38108   1.34836   0.25224  -20.00000
2.90  -3.48120  11.54498   9.32274  2.47502E-01  3.25749E+00  8.78048E+09  1.57910E+09 -3.01199E+25  1.98798E+06 -5.47154E+22  0.50000 -99.00000   1.37621   1.34650   0.25178  -20.00000
2.92  -3.46120  11.61699   9.33851  2.22677E-01  3.33197E+00  1.11118E+10  1.80382E+09 -3.62120E+25  2.16866E+06 -6.22058E+22  0.50000 -99.00000   1.37173   1.34486   0.25140  -20.00000
2.94  -3.44120  11.68991   9.35586  1.99681E-01  3.40096E+00  1.41215E+10  2.06182E+09 -4.35364E+25  2.36729E+06 -7.08059E+22  0.50000 -99.00000   1.36762   1.34341   0.25110  -20.00000
2.96  -3.42120  11.76365   9.37489  1.78514E-01  3.46446E+00  1.80158E+10  2.35805E+09 -5.23423E+25  2.58555E+06 -8.06802E+22  0.50000 -99.00000   1.36387   1.34215   0.25087  -20.00000
2.98  -3.40120  11.83812   9.39568  1.59145E-01  3.52256E+00  2.30655E+10  2.69816E+09 -6.29293E+25  2.82532E+06 -9.20173E+22  0.50000 -99.00000   1.36047   1.34104   0.25068  -20.00000
3.00  -3.38120  11.91325   9.41831  1.41516E-01  3.57545E+00  2.96259E+10  3.08867E+09 -7.56577E+25  3.08867E+06 -1.05034E+23  0.50000 -99.00000   1.35740   1.34006   0.25053  -20.00000
3.02  -3.36120  11.98896   9.44285  1.25548E-01  3.62336E+00  3.81635E+10  3.53702E+09 -9.09605E+25  3.37783E+06 -1.19979E+23  0.50000 -99.00000   1.35463   1.33921   0.25041  -20.00000
3.04  -3.34120  12.06519   9.46936  1.11148E-01  3.66656E+00  4.92912E+10  4.05181E+09 -1.09359E+26  3.69529E+06 -1.37139E+23  0.50000 -99.00000   1.35214   1.33846   0.25032  -20.00000
3.06  -3.32120  12.14188   9.49786  9.82146E-02  3.70536E+00  6.38143E+10  4.64286E+09 -1.31478E+26  4.04376E+06 -1.56841E+23  0.50000 -99.00000   1.34992   1.33781   0.25024  -20.00000
3.08  -3.30120  12.21898   9.52838  8.66394E-02  3.74008E+00  8.27920E+10  5.32148E+09 -1.58071E+26  4.42621E+06 -1.79461E+23  0.50000 -99.00000   1.34794   1.33724   0.25019  -20.00000
3.10  -3.28120  12.29643   9.56091  7.63129E-02  3.77106E+00  1.07617E+11  6.10063E+09 -1.90043E+26  4.84591E+06 -2.05433E+23  0.50000 -99.00000   1.34618   1.33674   0.25014  -20.00000
3.12  -3.26120  12.37420   9.59544  6.71267E-02  3.79862E+00  1.40122E+11  6.99523E+09 -2.28483E+26  5.30642E+06 -2.35253E+23  0.50000 -99.00000   1.34462   1.33630   0.25011  -20.00000
3.14  -3.24120  12.45225   9.63192  5.89758E-02  3.82307E+00  1.82718E+11  8.02236E+09 -2.74696E+26  5.81168E+06 -2.69491E+23  0.50000 -99.00000   1.34324   1.33592   0.25009  -20.00000
3.16  -3.22120  12.53055   9.67031  5.17597E-02  3.84472E+00  2.38580E+11  9.20166E+09 -3.30258E+26  6.36599E+06 -3.08801E+23  0.50000 -99.00000   1.34202   1.33559   0.25007  -20.00000
3.18  -3.20120  12.60906   9.71053  4.53839E-02  3.86385E+00  3.11885E+11  1.05557E+10 -3.97057E+26  6.97407E+06 -3.53935E+23  0.50000 -99.00000   1.34094   1.33530   0.25005  -20.00000
3.20  -3.18120  12.68775   9.75251  3.97606E-02  3.88072E+00  4.08137E+11  1.21103E+10 -4.77368E+26  7.64108E+06 -4.05755E+23  0.50000 -99.00000   1.33999   1.33505   0.25004  -20.00000
3.22  -3.16120  12.76661   9.79615  3.48086E-02  3.89557E+00  5.34580E+11  1.38953E+10 -5.73922E+26  8.37272E+06 -4.65254E+23  0.50000 -99.00000   1.33916   1.33483   0.25003  -20.00000
3.24  -3.14120  12.84562   9.84135  3.04538E-02  3.90864E+00  7.00759E+11  1.59446E+10 -6.90006E+26  9.17518E+06 -5.33567E+23  0.50000 -99.00000   1.33843   1.33464   0.25002  -20.00000
3.26  -3.12120  12.92475   9.88801  2.66288E-02  3.92011E+00  9.19244E+11  1.82977E+10 -8.29570E+26  1.00553E+07 -6.12001E+23  0.50000 -99.00000   1.33779   1.33447   0.25002  -20.00000
3.28  -3.10120  13.00400   9.93603  2.32727E-02  3.93018E+00  1.20660E+12  2.09993E+10 -9.97362E+26  1.10206E+07 -7.02055E+23  0.50000 -99.00000   1.33722   1.33432   0.25001  -20.00000
3.30  -3.08120  13.08334   9.98530  2.03307E-02  3.93901E+00  1.58464E+12  2.41012E+10 -1.19909E+27  1.20792E+07 -8.05451E+23  0.50000 -99.00000   1.33673   1.33420   0.25001  -20.00000
3.32  -3.06120  13.16276  10.03572  1.77539E-02  3.94674E+00  2.08211E+12  2.76626E+10 -1.44163E+27  1.32402E+07 -9.24165E+23  0.50000 -99.00000   1.33630   1.33408   0.25001  -20.00000
3.34  -3.04120  13.24226  10.08719  1.54985E-02  3.95350E+00  2.73690E+12  3.17517E+10 -1.73322E+27  1.45133E+07 -1.06047E+24  0.50000 -99.00000   1.33592   1.33399   0.25001  -20.00000
3.36  -3.02120  13.32182  10.13960  1.35257E-02  3.95942E+00  3.59891E+12  3.64466E+10 -2.08379E+27  1.59095E+07 -1.21696E+24  0.50000 -99.00000   1.33559   1.33390   0.25000  -20.00000
3.38  -3.00120  13.40144  10.19287  1.18010E-02  3.96460E+00  4.73395E+12  4.18370E+10 -2.50526E+27  1.74406E+07 -1.39665E+24  0.50000 -99.00000   1.33530   1.33383   0.25000  -20.00000
3.40  -2.98120  13.48111  10.24691  1.02939E-02  3.96912E+00  6.22868E+12  4.80261E+10 -3.01199E+27  1.91195E+07 -1.60295E+24  0.50000 -99.00000   1.33505   1.33377   0.25000  -20.00000
3.42  -2.96120  13.56082  10.30164  8.97752E-03  3.97307E+00  8.19737E+12  5.51321E+10 -3.62120E+27  2.09606E+07 -1.83982E+24  0.50000 -99.00000   1.33483   1.33371   0.25000  -20.00000
3.44  -2.94120  13.64056  10.35699  7.82816E-03  3.97652E+00  1.07906E+13  6.32909E+10 -4.35364E+27  2.29795E+07 -2.11177E+24  0.50000 -99.00000   1.33464   1.33366   0.25000  -20.00000
3.46  -2.92120  13.72034  10.41290  6.82494E-03  3.97953E+00  1.42068E+13  7.26584E+10 -5.23423E+27  2.51933E+07 -2.42403E+24  0.50000 -99.00000   1.33447   1.33362   0.25000  -20.00000
3.48  -2.90120  13.80015  10.46929  5.94951E-03  3.98215E+00  1.87076E+13  8.34138E+10 -6.29293E+27  2.76209E+07 -2.78254E+24  0.50000 -99.00000   1.33433   1.33358   0.25000  -20.00000
3.50  -2.88120  13.87998  10.52612  5.18579E-03  3.98444E+00  2.46378E+13  9.57626E+10 -7.56577E+27  3.02828E+07 -3.19416E+24  0.50000 -99.00000   1.33420   1.33355   0.25000  -20.00000
3.52  -2.86120  13.95984  10.58334  4.51966E-03  3.98644E+00  3.24517E+13  1.09941E+11 -9.09605E+27  3.32016E+07 -3.66678E+24  0.50000 -99.00000   1.33409   1.33352   0.25000  -20.00000
3.54  -2.84120  14.03971  10.64089  3.93876E-03  3.98818E+00  4.27485E+13  1.26220E+11 -1.09359E+28  3.64022E+07 -4.20941E+24  0.50000 -99.00000   1.33399   1.33350   0.25000  -20.00000
3.56  -2.82120  14.11960  10.69875  3.43226E-03  3.98970E+00  5.63177E+13  1.44911E+11 -1.31478E+28  3.99117E+07 -4.83243E+24  0.50000 -99.00000   1.33391   1.33348   0.25000  -20.00000
3.58  -2.80120  14.19950  10.75687  2.99070E-03  3.99103E+00  7.42001E+13  1.66370E+11 -1.58071E+28  4.37598E+07 -5.54776E+24  0.50000 -99.00000   1.33383   1.33346   0.25000  -20.00000
3.60  -2.78120  14.27942  10.81522  2.60579E-03  3.99218E+00  9.77677E+13  1.91009E+11 -1.90043E+28  4.79794E+07 -6.36906E+24  0.50000 -99.00000   1.33377   1.33344   0.25000  -20.00000
3.62  -2.76120  14.35935  10.87378  2.27031E-03  3.99319E+00  1.28829E+14  2.19299E+11 -2.28483E+28  5.26061E+07 -7.31204E+24  0.50000 -99.00000   1.33371   1.33343   0.25000  -20.00000
3.64  -2.74120  14.43928  10.93252  1.97794E-03  3.99407E+00  1.69767E+14  2.51780E+11 -2.74696E+28  5.76794E+07 -8.39473E+24  0.50000 -99.00000   1.33366   1.33342   0.25000  -20.00000
3.66  -2.72120  14.51923  10.99142  1.72315E-03  3.99483E+00  2.23725E+14  2.89072E+11 -3.30258E+28  6.32422E+07 -9.63783E+24  0.50000 -99.00000   1.33362   1.33341   0.25000  -20.00000
3.68  -2.70120  14.59918  11.05045  1.50114E-03  3.99550E+00  2.94845E+14  3.31890E+11 -3.97057E+28  6.93417E+07 -1.10651E+25  0.50000 -99.00000   1.33358   1.33340   0.25000  -20.00000
3.70  -2.68120  14.67914  11.10961  1.30769E-03  3.99608E+00  3.88588E+14  3.81052E+11 -4.77368E+28  7.60298E+07 -1.27038E+25  0.50000 -99.00000   1.33355   1.33339   0.25000  -20.00000
3.72  -2.66120  14.75910  11.16887  1.13914E-03  3.99658E+00  5.12150E+14  4.37497E+11 -5.73922E+28  8.33633E+07 -1.45853E+25  0.50000 -99.00000   1.33352   1.33338   0.25000  -20.00000
3.74  -2.64120  14.83907  11.22822  9.92297E-04  3.99702E+00  6.75022E+14  5.02304E+11 -6.90006E+28  9.14044E+07 -1.67456E+25  0.50000 -99.00000   1.33350   1.33337   0.25000  -20.00000
3.76  -2.62120  14.91904  11.28766  8.64365E-04  3.99741E+00  8.89709E+14  5.76713E+11 -8.29570E+28  1.00221E+08 -1.92259E+25  0.50000 -99.00000   1.33348   1.33337   0.25000  -20.00000
3.78  -2.60120  14.99902  11.34717  7.52915E-04  3.99774E+00  1.17270E+15  6.62146E+11 -9.97362E+28  1.09889E+08 -2.20736E+25  0.50000 -99.00000   1.33346   1.33336   0.25000  -20.00000
3.80  -2.58120  15.07900  11.40674  6.55825E-04  3.99803E+00  1.54573E+15  7.60236E+11 -1.19909E+29  1.20489E+08 -2.53433E+25  0.50000 -99.00000   1.33344   1.33336   0.25000  -20.00000
3.82  -2.56120  15.15898  11.46637  5.71248E-04  3.99829E+00  2.03746E+15  8.72859E+11 -1.44163E+29  1.32113E+08 -2.90974E+25  0.50000 -99.00000   1.33343   1.33336   0.25000  -20.00000
3.84  -2.54120  15.23896  11.52604  4.97573E-04  3.99851E+00  2.68565E+15  1.00217E+12 -1.73322E+29  1.44857E+08 -3.34076E+25  0.50000 -99.00000   1.33342   1.33335   0.25000  -20.00000
3.86  -2.52120  15.31895  11.58575  4.33396E-04  3.99870E+00  3.54009E+15  1.15063E+12 -2.08379E+29  1.58831E+08 -3.83565E+25  0.50000 -99.00000   1.33341   1.33335   0.25000  -20.00000
3.88  -2.50120  15.39893  11.64550  3.77493E-04  3.99887E+00  4.66642E+15  1.32109E+12 -2.50526E+29  1.74154E+08 -4.40385E+25  0.50000 -99.00000   1.33340   1.33335   0.25000  -20.00000
3.90  -2.48120  15.47892  11.70528  3.28799E-04  3.99901E+00  6.15116E+15  1.51681E+12 -3.01199E+29  1.90955E+08 -5.05624E+25  0.50000 -99.00000   1.33339   1.33335   0.25000  -20.00000
3.92  -2.46120  15.55892  11.76509  2.86384E-04  3.99914E+00  8.10838E+15  1.74152E+12 -3.62120E+29  2.09377E+08 -5.80528E+25  0.50000 -99.00000   1.33338   1.33335   0.25000  -20.00000
3.94  -2.44120  15.63891  11.82493  2.49439E-04  3.99925E+00  1.06884E+16  1.99952E+12 -4.35364E+29  2.29576E+08 -6.66529E+25  0.50000 -99.00000   1.33337   1.33334   0.25000  -20.00000
3.96  -2.42120  15.71890  11.88478  2.17259E-04  3.99935E+00  1.40895E+16  2.29575E+12 -5.23423E+29  2.51724E+08 -7.65271E+25  0.50000 -99.00000   1.33337   1.33334   0.25000  -20.00000
3.98  -2.40120  15.79889  11.94466  1.89230E-04  3.99943E+00  1.85730E+16  2.63587E+12 -6.29293E+29  2.76009E+08 -8.78643E+25  0.50000 -99.00000   1.33336   1.33334   0.25000  -20.00000
4.00  -2.38120  15.87889  12.00455  1.64817E-04  3.99951E+00  2.44832E+16  3.02637E+12 -7.56577E+29  3.02637E+08 -1.00881E+26  0.50000 -99.00000   1.33336   1.33334   0.25000  -20.00000
4.02  -2.36120  15.95888  12.06445  1.43552E-04  3.99957E+00  3.22743E+16  3.47473E+12 -9.09605E+29  3.31834E+08 -1.15826E+26  0.50000 -99.00000   1.33336   1.33334   0.25000  -20.00000
4.04  -2.34120  16.03888  12.12437  1.25031E-04  3.99962E+00  4.25448E+16  3.98951E+12 -1.09359E+30  3.63848E+08 -1.32986E+26  0.50000 -99.00000   1.33335   1.33334   0.25000  -20.00000
4.06  -2.29120  16.08888  12.15433  1.16687E-04  3.99965E+00  4.88475E+16  4.27483E+12 -1.14513E+30  3.72323E+08 -1.32986E+26  0.50000 -99.00000   1.33335   1.33334   0.25000  -20.00000
4.08  -2.23120  16.12888  12.17430  1.11436E-04  3.99967E+00  5.35598E+16  4.47630E+12 -1.14513E+30  3.72322E+08 -1.27000E+26  0.50000 -99.00000   1.33335   1.33334   0.25000  -20.00000
4.10  -2.17120  16.16888  12.19428  1.06421E-04  3.99968E+00  5.87268E+16  4.68726E+12 -1.14513E+30  3.72322E+08 -1.21284E+26  0.50000 -99.00000   1.33335   1.33334   0.25000  -20.00000
4.12  -2.11120  16.20888  12.21426  1.01632E-04  3.99970E+00  6.43923E+16  4.90816E+12 -1.14513E+30  3.72322E+08 -1.15825E+26  0.50000 -99.00000   1.33335   1.33334   0.25000  -20.00000
4.14  -2.05120  16.24887  12.23424  9.70579E-05  3.99971E+00  7.06043E+16  5.13947E+12 -1.14513E+30  3.72322E+08 -1.10612E+26  0.50000 -99.00000   1.33335   1.33334   0.25000  -20.00000
4.16  -1.99120  16.28887  12.25422  9.26900E-05  3.99972E+00  7.74157E+16  5.38168E+12 -1.14513E+30  3.72321E+08 -1.05634E+26  0.50000 -99.00000   1.33335   1.33334   0.25000  -20.00000
4.18  -1.93120  16.32887  12.27420  8.85186E-05  3.99973E+00  8.48842E+16  5.63531E+12 -1.14513E+30  3.72321E+08 -1.00879E+26  0.50000 -99.00000   1.33335   1.33334   0.25000  -20.00000
4.20  -1.87120  16.36887  12.29418  8.45349E-05  3.99975E+00  9.30732E+16  5.90089E+12 -1.14513E+30  3.72321E+08 -9.63387E+25  0.50000 -99.00000   1.33335   1.33334   0.25000  -20.00000
4.22  -1.81120  16.40887  12.31416  8.07306E-05  3.99976E+00  1.02052E+17  6.17899E+12 -1.14513E+30  3.72321E+08 -9.20027E+25  0.50000 -99.00000   1.33335   1.33334   0.25000  -20.00000
4.24  -1.75120  16.44887  12.33414  7.70974E-05  3.99977E+00  1.11898E+17  6.47019E+12 -1.14513E+30  3.72321E+08 -8.78618E+25  0.50000 -99.00000   1.33335   1.33334   0.25000  -20.00000
4.26  -1.69120  16.48887  12.35413  7.36277E-05  3.99978E+00  1.22693E+17  6.77512E+12 -1.14513E+30  3.72321E+08 -8.39073E+25  0.50000 -99.00000   1.33335   1.33334   0.25000  -20.00000
4.28  -1.63120  16.52887  12.37411  7.03141E-05  3.99979E+00  1.34529E+17  7.09442E+12 -1.14513E+30  3.72320E+08 -8.01308E+25  0.50000 -99.00000   1.33335   1.33334   0.25000  -20.00000
4.30  -1.57120  16.56887  12.39410  6.71497E-05  3.99980E+00  1.47508E+17  7.42877E+12 -1.14513E+30  3.72320E+08 -7.65242E+25  0.50000 -99.00000   1.33334   1.33334   0.25000  -20.00000
4.32  -1.51120  16.60887  12.41408  6.41276E-05  3.99981E+00  1.61739E+17  7.77887E+12 -1.14513E+30  3.72320E+08 -7.30800E+25  0.50000 -99.00000   1.33334   1.33334   0.25000  -20.00000
4.34  -1.45120  16.64887  12.43407  6.12416E-05  3.99982E+00  1.77342E+17  8.14547E+12 -1.14513E+30  3.72320E+08 -6.97908E+25  0.50000 -99.00000   1.33334   1.33334   0.25000  -20.00000
4.36  -1.39120  16.68887  12.45406  5.84854E-05  3.99982E+00  1.94451E+17  8.52935E+12 -1.14513E+30  3.72320E+08 -6.66497E+25  0.50000 -99.00000   1.33334   1.33334   0.25000  -20.00000
4.38  -1.33120  16.72887  12.47405  5.58533E-05  3.99983E+00  2.13211E+17  8.93133E+12 -1.14513E+30  3.72320E+08 -6.36499E+25  0.50000 -99.00000   1.33334   1.33334   0.25000  -20.00000
4.40  -1.27120  16.76886  12.49403  5.33396E-05  3.99984E+00  2.33780E+17  9.35224E+12 -1.14513E+30  3.72320E+08 -6.07852E+25  0.50000 -99.00000   1.33334   1.33334   0.25000  -20.00000
4.42  -1.21120  16.80886  12.51402  5.09391E-05  3.99985E+00  2.56334E+17  9.79300E+12 -1.14513E+30  3.72319E+08 -5.80493E+25  0.50000 -99.00000   1.33334   1.33334   0.25000  -20.00000
4.44  -1.15120  16.84886  12.53401  4.86465E-05  3.99985E+00  2.81064E+17  1.02545E+13 -1.14513E+30  3.72319E+08 -5.54367E+25  0.50000 -99.00000   1.33334   1.33334   0.25000  -20.00000
4.46  -1.09120  16.88886  12.55400  4.64572E-05  3.99986E+00  3.08180E+17  1.07378E+13 -1.14513E+30  3.72319E+08 -5.29416E+25  0.50000 -99.00000   1.33334   1.33334   0.25000  -20.00000
4.48  -1.03120  16.92886  12.57399  4.43664E-05  3.99987E+00  3.37911E+17  1.12439E+13 -1.14513E+30  3.72319E+08 -5.05588E+25  0.50000 -99.00000   1.33334   1.33334   0.25000  -20.00000
4.50  -0.97120  16.96886  12.59398  4.23696E-05  3.99987E+00  3.70512E+17  1.17738E+13 -1.14513E+30  3.72319E+08 -4.82832E+25  0.50000 -99.00000   1.33334   1.33334   0.25000  -20.00000
4.52  -0.91120  17.00886  12.61398  4.04628E-05  3.99988E+00  4.06257E+17  1.23286E+13 -1.14513E+30  3.72319E+08 -4.61101E+25  0.50000 -99.00000   1.33334   1.33334   0.25000  -20.00000
4.54  -0.85120  17.04886  12.63397  3.86417E-05  3.99988E+00  4.45451E+17  1.29097E+13 -1.14513E+30  3.72319E+08 -4.40348E+25  0.50000 -99.00000   1.33334   1.33333   0.25000  -20.00000
4.56  -0.79120  17.08886  12.65396  3.69026E-05  3.99989E+00  4.88426E+17  1.35181E+13 -1.14513E+30  3.72319E+08 -4.20529E+25  0.50000 -99.00000   1.33334   1.33333   0.25000  -20.00000
4.58  -0.73120  17.12886  12.67395  3.52418E-05  3.99989E+00  5.35547E+17  1.41552E+13 -1.14513E+30  3.72319E+08 -4.01602E+25  0.50000 -99.00000   1.33334   1.33333   0.25000  -20.00000
4.60  -0.67120  17.16886  12.69394  3.36557E-05  3.99990E+00  5.87215E+17  1.48223E+13 -1.14513E+30  3.72319E+08 -3.83526E+25  0.50000 -99.00000   1.33334   1.33333   0.25000  -20.00000
4.62  -0.61120  17.20886  12.71394  3.21410E-05  3.99990E+00  6.43867E+17  1.55208E+13 -1.14513E+30  3.72319E+08 -3.66265E+25  0.50000 -99.00000   1.33334   1.33333   0.25000  -20.00000
4.64  -0.55120  17.24886  12.73393  3.06944E-05  3.99991E+00  7.05985E+17  1.62523E+13 -1.14513E+30  3.72319E+08 -3.49780E+25  0.50000 -99.00000   1.33334   1.33333   0.25000  -20.00000
4.66  -0.49120  17.28886  12.75392  2.93130E-05  3.99991E+00  7.74096E+17  1.70182E+13 -1.14513E+30  3.72318E+08 -3.34037E+25  0.50000 -99.00000   1.33334   1.33333   0.25000  -20.00000
4.68  -0.43120  17.32886  12.77392  2.79937E-05  3.99992E+00  8.48778E+17  1.78203E+13 -1.14513E+30  3.72318E+08 -3.19003E+25  0.50000 -99.00000   1.33334   1.33333   0.25000  -20.00000
4.70  -0.37120  17.36886  12.79391  2.67338E-05  3.99992E+00  9.30665E+17  1.86601E+13 -1.14513E+30  3.72318E+08 -3.04645E+25  0.50000 -99.00000   1.33334   1.33333   0.25000  -20.00000
4.72  -0.31120  17.40886  12.81391  2.55307E-05  3.99992E+00  1.02045E+18  1.95395E+13 -1.14513E+30  3.72318E+08 -2.90934E+25  0.50000 -99.00000   1.33334   1.33333   0.25000  -20.00000
4.74  -0.25120  17.44886  12.83390  2.43816E-05  3.99993E+00  1.11890E+18  2.04604E+13 -1.14513E+30  3.72318E+08 -2.77840E+25  0.50000 -99.00000   1.33334   1.33333   0.25000  -20.00000
4.76  -0.19120  17.48886  12.85390  2.32843E-05  3.99993E+00  1.22685E+18  2.14247E+13 -1.14513E+30  3.72318E+08 -2.65335E+25  0.50000 -99.00000   1.33334   1.33333   0.25000  -20.00000
4.78  -0.13120  17.52886  12.87389  2.22363E-05  3.99993E+00  1.34521E+18  2.24344E+13 -1.14513E+30  3.72318E+08 -2.53393E+25  0.50000 -99.00000   1.33334   1.33333   0.25000  -20.00000
4.80  -0.07120  17.56886  12.89389  2.12356E-05  3.99994E+00  1.47499E+18  2.34917E+13 -1.14513E+30  3.72318E+08 -2.41988E+25  0.50000 -99.00000   1.33334   1.33333   0.25000  -20.00000
4.82  -0.01120  17.60886  12.91388  2.02798E-05  3.99994E+00  1.61730E+18  2.45988E+13 -1.14513E+30  3.72318E+08 -2.31097E+25  0.50000 -99.00000   1.33334   1.33333   0.25000  -20.00000
4.84   0.04880  17.64886  12.93388  1.93671E-05  3.99994E+00  1.77333E+18  2.57581E+13 -1.14513E+30  3.72318E+08 -2.20696E+25  0.50000 -99.00000   1.33334   1.33333   0.25000  -20.00000
4.86   0.10880  17.68886  12.95387  1.84955E-05  3.99994E+00  1.94441E+18  2.69721E+13 -1.14513E+30  3.72318E+08 -2.10763E+25  0.50000 -99.00000   1.33334   1.33333   0.25000  -20.00000
4.88   0.16880  17.72886  12.97387  1.76630E-05  3.99995E+00  2.13201E+18  2.82432E+13 -1.14513E+30  3.72318E+08 -2.01277E+25  0.50000 -99.00000   1.33334   1.33333   0.25000  -20.00000
4.90   0.22880  17.76886  12.99387  1.68681E-05  3.99995E+00  2.33770E+18  2.95743E+13 -1.14513E+30  3.72318E+08 -1.92218E+25  0.50000 -99.00000   1.33334   1.33333   0.25000  -20.00000
4.92   0.28880  17.80886  13.01386  1.61089E-05  3.99995E+00  2.56323E+18  3.09680E+13 -1.14513E+30  3.72318E+08 -1.83567E+25  0.50000 -99.00000   1.33334   1.33333   0.25000  -20.00000
4.94   0.34880  17.84886  13.03386  1.53839E-05  3.99995E+00  2.81052E+18  3.24275E+13 -1.14513E+30  3.72318E+08 -1.75305E+25  0.50000 -99.00000   1.33334   1.33333   0.25000  -20.00000
4.96   0.40880  17.88886  13.05386  1.46915E-05  3.99996E+00  3.08167E+18  3.39558E+13 -1.14513E+30  3.72318E+08 -1.67415E+25  0.50000 -99.00000   1.33334   1.33333   0.25000  -20.00000
4.98   0.46880  17.92886  13.07385  1.40303E-05  3.99996E+00  3.37899E+18  3.55561E+13 -1.14513E+30  3.72318E+08 -1.59880E+25  0.50000 -99.00000   1.33334   1.33333   0.25000  -20.00000
5.00   0.52880  17.96886  13.09385  1.33988E-05  3.99996E+00  3.70498E+18  3.72318E+13 -1.14513E+30  3.72318E+08 -1.52684E+25  0.50000 -99.00000   1.33334   1.33333   0.25000  -20.00000
5.02   0.58880  18.00886  13.11385  1.27958E-05  3.99996E+00  4.06243E+18  3.89864E+13 -1.14513E+30  3.72318E+08 -1.45812E+25  0.50000 -99.00000   1.33334   1.33333   0.25000  -20.00000
5.04   0.64880  18.04886  13.13385  1.22199E-05  3.99996E+00  4.45436E+18  4.08238E+13 -1.14513E+30  3.72318E+08 -1.39249E+25  0.50000 -99.00000   1.33334   1.33333   0.25000  -20.00000
5.06   1.31080  18.08886  13.15396  4.66781E-05  3.99986E+00  1.22108E+18  4.27480E+13 -1.14513E+30  3.72319E+08 -1.32983E+25  0.50000   0.00000   1.33334   1.33334   0.25000  -26.39723
5.08   1.37100  18.12886  13.17396  4.45774E-05  3.99987E+00  1.33888E+18  4.47626E+13 -1.14513E+30  3.72319E+08 -1.26998E+25  0.50000   0.00000   1.33334   1.33334   0.25000  -26.37417
5.10   1.43087  18.16886  13.19395  4.25711E-05  3.99987E+00  1.46805E+18  4.68722E+13 -1.14513E+30  3.72319E+08 -1.21282E+25  0.50000   0.00000   1.33334   1.33334   0.25000  -26.35115
5.12   1.49082  18.20886  13.21394  4.06552E-05  3.99988E+00  1.60968E+18  4.90812E+13 -1.14513E+30  3.72319E+08 -1.15823E+25  0.50000   0.00000   1.33334   1.33334   0.25000  -26.32811
5.14   1.55084  18.24886  13.23394  3.88255E-05  3.99988E+00  1.76498E+18  5.13943E+13 -1.14513E+30  3.72319E+08 -1.10610E+25  0.50000   0.00000   1.33334   1.33333   0.25000  -26.30516
5.16   1.61086  18.28886  13.25393  3.70781E-05  3.99989E+00  1.93525E+18  5.38164E+13 -1.14513E+30  3.72319E+08 -1.05632E+25  0.50000   0.00000   1.33334   1.33333   0.25000  -26.28211
5.18   1.67087  18.32886  13.27392  3.54094E-05  3.99989E+00  2.12196E+18  5.63527E+13 -1.14513E+30  3.72319E+08 -1.00878E+25  0.50000   0.00000   1.33334   1.33333   0.25000  -26.25905
5.20   1.73087  18.36886  13.29392  3.38158E-05  3.99990E+00  2.32668E+18  5.90085E+13 -1.14513E+30  3.72319E+08 -9.63375E+24  0.50000   0.00000   1.33334   1.33333   0.25000  -26.23603
5.22   1.79087  18.40886  13.31391  3.22938E-05  3.99990E+00  2.55115E+18  6.17895E+13 -1.14513E+30  3.72319E+08 -9.20016E+24  0.50000   0.00000   1.33334   1.33333   0.25000  -26.21299
5.24   1.85087  18.44886  13.33391  3.08404E-05  3.99991E+00  2.79727E+18  6.47015E+13 -1.14513E+30  3.72319E+08 -8.78608E+24  0.50000   0.00000   1.33334   1.33333   0.25000  -26.19004
5.26   1.91086  18.48886  13.35390  2.94524E-05  3.99991E+00  3.06714E+18  6.77508E+13 -1.14513E+30  3.72318E+08 -8.39064E+24  0.50000   0.00000   1.33334   1.33333   0.25000  -26.16700
5.28   1.97087  18.52886  13.37390  2.81269E-05  3.99992E+00  3.36305E+18  7.09438E+13 -1.14513E+30  3.72318E+08 -8.01299E+24  0.50000   0.00000   1.33334   1.33333   0.25000  -26.14394
5.30   2.03087  18.56886  13.39389  2.68610E-05  3.99992E+00  3.68750E+18  7.42873E+13 -1.14513E+30  3.72318E+08 -7.65235E+24  0.50000   0.00000   1.33334   1.33333   0.25000  -26.12091
5.32   2.09087  18.60886  13.41389  2.56521E-05  3.99992E+00  4.04326E+18  7.77883E+13 -1.14513E+30  3.72318E+08 -7.30793E+24  0.50000   0.00000   1.33334   1.33333   0.25000  -26.09788
5.34   2.15087  18.64886  13.43388  2.44976E-05  3.99993E+00  4.43334E+18  8.14544E+13 -1.14513E+30  3.72318E+08 -6.97902E+24  0.50000   0.00000   1.33334   1.33333   0.25000  -26.07492
5.36   2.21086  18.68886  13.45388  2.33950E-05  3.99993E+00  4.86106E+18  8.52932E+13 -1.14513E+30  3.72318E+08 -6.66491E+24  0.50000   0.00000   1.33334   1.33333   0.25000  -26.05188
5.38   2.27087  18.72886  13.47387  2.23421E-05  3.99993E+00  5.33003E+18  8.93129E+13 -1.14513E+30  3.72318E+08 -6.36494E+24  0.50000   0.00000   1.33334   1.33333   0.25000  -26.02882
5.40   2.33087  18.76886  13.49387  2.13366E-05  3.99994E+00  5.84426E+18  9.35221E+13 -1.14513E+30  3.72318E+08 -6.07847E+24  0.50000   0.00000   1.33334   1.33333   0.25000  -26.00580
5.42   2.39087  18.80886  13.51387  2.03763E-05  3.99994E+00  6.40810E+18  9.79296E+13 -1.14513E+30  3.72318E+08 -5.80489E+24  0.50000  -0.00000   1.33334   1.33333   0.25000  -25.98276
5.44   2.45087  18.84886  13.53386  1.94592E-05  3.99994E+00  7.02633E+18  1.02545E+14 -1.14513E+30  3.72318E+08 -5.54362E+24  0.50000   0.00000   1.33334   1.33333   0.25000  -25.95981
5.46   2.51086  18.88886  13.55386  1.85834E-05  3.99994E+00  7.70421E+18  1.07378E+14 -1.14513E+30  3.72318E+08 -5.29412E+24  0.50000   0.00000   1.33334   1.33333   0.25000  -25.93677
5.48   2.57087  18.92886  13.57386  1.77470E-05  3.99995E+00  8.44749E+18  1.12438E+14 -1.14513E+30  3.72318E+08 -5.05584E+24  0.50000   0.00000   1.33334   1.33333   0.25000  -25.91371
5.50   2.63087  18.96886  13.59385  1.69483E-05  3.99995E+00  9.26248E+18  1.17737E+14 -1.14513E+30  3.72318E+08 -4.82829E+24  0.50000   0.00000   1.33334   1.33333   0.25000  -25.89069
5.52   2.69087  19.00886  13.61385  1.61855E-05  3.99995E+00  1.01561E+19  1.23286E+14 -1.14513E+30  3.72318E+08 -4.61098E+24  0.50000   0.00000   1.33334   1.33333   0.25000  -25.86766
5.54   2.75087  19.04886  13.63385  1.54571E-05  3.99995E+00  1.11359E+19  1.29096E+14 -1.14513E+30  3.72318E+08 -4.40345E+24  0.50000   0.00000   1.33334   1.33333   0.25000  -25.84471
5.56   2.81086  19.08886  13.65385  1.47614E-05  3.99996E+00  1.22103E+19  1.35180E+14 -1.14513E+30  3.72318E+08 -4.20526E+24  0.50000   0.00000   1.33334   1.33333   0.25000  -25.82167
5.58   2.87087  19.12886  13.67384  1.40970E-05  3.99996E+00  1.33883E+19  1.41551E+14 -1.14513E+30  3.72318E+08 -4.01600E+24  0.50000   0.00000   1.33334   1.33333   0.25000  -25.79861
5.60   2.93087  19.16886  13.69384  1.34626E-05  3.99996E+00  1.46800E+19  1.48222E+14 -1.14513E+30  3.72318E+08 -3.83525E+24  0.50000   0.00000   1.33334   1.33333   0.25000  -25.77559
5.62   2.99087  19.20886  13.71384  1.28567E-05  3.99996E+00  1.60963E+19  1.55208E+14 -1.14513E+30  3.72318E+08 -3.66263E+24  0.50000   0.00000   1.33334   1.33333   0.25000  -25.75255
5.64   3.05087  19.24886  13.73384  1.22780E-05  3.99996E+00  1.76492E+19  1.62523E+14 -1.14513E+30  3.72318E+08 -3.49778E+24  0.50000   0.00000   1.33334   1.33333   0.25000  -25.72961
5.66   3.11086  19.28886  13.75383  1.17254E-05  3.99996E+00  1.93519E+19  1.70182E+14 -1.14513E+30  3.72318E+08 -3.34036E+24  0.50000   0.00000   1.33334   1.33333   0.25000  -25.70657
5.68   3.17087  19.32886  13.77383  1.11977E-05  3.99997E+00  2.12190E+19  1.78202E+14 -1.14513E+30  3.72318E+08 -3.19002E+24  0.50000   0.00000   1.33334   1.33333   0.25000  -25.68351
5.70   3.23087  19.36886  13.79383  1.06937E-05  3.99997E+00  2.32661E+19  1.86601E+14 -1.14513E+30  3.72318E+08 -3.04644E+24  0.50000   0.00000   1.33334   1.33333   0.25000  -25.66049
5.72   3.29087  19.40886  13.81383  1.02124E-05  3.99997E+00  2.55108E+19  1.95395E+14 -1.14513E+30  3.72318E+08 -2.90933E+24  0.50000   0.00000   1.33334   1.33333   0.25000  -25.63746
5.74   3.35087  19.44886  13.83383  9.75281E-06  3.99997E+00  2.79720E+19  2.04604E+14 -1.14513E+30  3.72318E+08 -2.77839E+24  0.50000  -0.00000   1.33333   1.33333   0.25000  -25.61451
5.76   3.41086  19.48886  13.85383  9.31386E-06  3.99997E+00  3.06706E+19  2.14246E+14 -1.14513E+30  3.72318E+08 -2.65334E+24  0.50000   0.00000   1.33333   1.33333   0.25000  -25.59148
5.78   3.47087  19.52885  13.87382  8.89467E-06  3.99997E+00  3.36297E+19  2.24343E+14 -1.14513E+30  3.72318E+08 -2.53392E+24  0.50000   0.00000   1.33333   1.33333   0.25000  -25.56842
5.80   3.53087  19.56885  13.89382  8.49435E-06  3.99997E+00  3.68742E+19  2.34916E+14 -1.14513E+30  3.72317E+08 -2.41987E+24  0.50000   0.00000   1.33333   1.33333   0.25000  -25.54540
5.82   3.59087  19.60885  13.91382  8.11204E-06  3.99998E+00  4.04317E+19  2.45988E+14 -1.14513E+30  3.72317E+08 -2.31096E+24  0.50000   0.00000   1.33333   1.33333   0.25000  -25.52237
5.84   3.65087  19.64885  13.93382  7.74695E-06  3.99998E+00  4.43325E+19  2.57581E+14 -1.14513E+30  3.72317E+08 -2.20695E+24  0.50000   0.00000   1.33333   1.33333   0.25000  -25.49943
5.86   3.71086  19.68885  13.95382  7.39828E-06  3.99998E+00  4.86096E+19  2.69720E+14 -1.14513E+30  3.72317E+08 -2.10762E+24  0.50000   0.00000   1.33333   1.33333   0.25000  -25.47639
5.88   3.77087  19.72885  13.97382  7.06530E-06  3.99998E+00  5.32993E+19  2.82432E+14 -1.14513E+30  3.72317E+08 -2.01276E+24  0.50000   0.00000   1.33333   1.33333   0.25000  -25.45334
5.90   3.83087  19.76885  13.99382  6.74731E-06  3.99998E+00  5.84415E+19  2.95742E+14 -1.14513E+30  3.72317E+08 -1.92217E+24  0.50000   0.00000   1.33333   1.33333   0.25000  -25.43033
5.92   3.89087  19.80885  14.01381  6.44364E-06  3.99998E+00  6.40798E+19  3.09680E+14 -1.14513E+30  3.72317E+08 -1.83566E+24  0.50000   0.00000   1.33333   1.33333   0.25000  -25.40730
5.94   3.95087  19.84885  14.03381  6.15363E-06  3.99998E+00  7.02621E+19  3.24275E+14 -1.14513E+30  3.72317E+08 -1.75304E+24  0.50000   0.00000   1.33333   1.33333   0.25000  -25.38436
5.96   4.01086  19.88885  14.05381  5.87667E-06  3.99998E+00  7.70408E+19  3.39557E+14 -1.14513E+30  3.72317E+08 -1.67414E+24  0.50000   0.00000   1.33333   1.33333   0.25000  -25.36132
5.98   4.07087  19.92885  14.07381  5.61218E-06  3.99998E+00  8.44736E+19  3.55560E+14 -1.14513E+30  3.72317E+08 -1.59879E+24  0.50000   0.00000   1.33333   1.33333   0.25000  -25.33827
6.00   4.13087  19.96885  14.09381  5.35959E-06  3.99998E+00  9.26234E+19  3.72317E+14 -1.14513E+30  3.72317E+08 -1.52684E+24  0.50000   0.00000   1.33333   1.33333   0.25000  -25.31526
6.02   4.19087  20.00885  14.11381  5.11837E-06  3.99998E+00  1.01560E+20  3.89864E+14 -1.14513E+30  3.72317E+08 -1.45812E+24  0.50000   0.00000   1.33333   1.33333   0.25000  -25.29224
6.04   4.25087  20.04885  14.13381  4.88801E-06  3.99999E+00  1.11358E+20  4.08238E+14 -1.14513E+30  3.72317E+08 -1.39249E+24  0.50000   0.00000   1.33333   1.33333   0.25000  -25.26930
6.06   4.31086  20.08885  14.15381  4.66801E-06  3.99999E+00  1.22101E+20  4.27477E+14 -1.14513E+30  3.72317E+08 -1.32982E+24  0.50000   0.00000   1.33333   1.33333   0.25000  -25.24627
6.08   4.37087  20.12885  14.17381  4.45792E-06  3.99999E+00  1.33881E+20  4.47624E+14 -1.14513E+30  3.72317E+08 -1.26997E+24  0.50000   0.00000   1.33333   1.33333   0.25000  -25.22322
6.10   4.43087  20.16885  14.19381  4.25728E-06  3.99999E+00  1.46798E+20  4.68720E+14 -1.14513E+30  3.72317E+08 -1.21281E+24  0.50000   0.00000   1.33333   1.33333   0.25000  -25.20021
6.12   4.49087  20.20885  14.21381  4.06567E-06  3.99999E+00  1.60961E+20  4.90810E+14 -1.14513E+30  3.72317E+08 -1.15822E+24  0.50000   0.00000   1.33333   1.33333   0.25000  -25.17719
6.14   4.55087  20.24885  14.23381  3.88269E-06  3.99999E+00  1.76490E+20  5.13941E+14 -1.14513E+30  3.72317E+08 -1.10609E+24  0.50000   0.00000   1.33333   1.33333   0.25000  -25.15426
6.16   4.61086  20.28885  14.25380  3.70794E-06  3.99999E+00  1.93517E+20  5.38162E+14 -1.14513E+30  3.72317E+08 -1.05631E+24  0.50000   0.00000   1.33333   1.33333   0.25000  -25.13123
6.18   4.67087  20.32885  14.27380  3.54105E-06  3.99999E+00  2.12187E+20  5.63525E+14 -1.14513E+30  3.72317E+08 -1.00877E+24  0.50000  -0.00000   1.33333   1.33333   0.25000  -25.10819
6.20   4.73087  20.36885  14.29380  3.38168E-06  3.99999E+00  2.32659E+20  5.90083E+14 -1.14513E+30  3.72317E+08 -9.63368E+23  0.50000   0.00000   1.33333   1.33333   0.25000  -25.08519
6.22   4.79087  20.40885  14.31380  3.22948E-06  3.99999E+00  2.55105E+20  6.17893E+14 -1.14513E+30  3.72317E+08 -9.20009E+23  0.50000  -0.00000   1.33333   1.33333   0.25000  -25.06217
6.24   4.85087  20.44885  14.33380  3.08413E-06  3.99999E+00  2.79717E+20  6.47013E+14 -1.14513E+30  3.72317E+08 -8.78602E+23  0.50000  -0.00000   1.33333   1.33333   0.25000  -25.03924
6.26   4.91086  20.48885  14.35380  2.94532E-06  3.99999E+00  3.06704E+20  6.77506E+14 -1.14513E+30  3.72317E+08 -8.39058E+23  0.50000   0.00000   1.33333   1.33333   0.25000  -25.01622
6.28   4.97087  20.52885  14.37380  2.81276E-06  3.99999E+00  3.36294E+20  7.09436E+14 -1.14513E+30  3.72317E+08 -8.01294E+23  0.50000  -0.00000   1.33333   1.33333   0.25000  -24.99319
6.30   5.03087  20.56885  14.39380  2.68617E-06  3.99999E+00  3.68739E+20  7.42871E+14 -1.14513E+30  3.72317E+08 -7.65230E+23  0.50000  -0.00000   1.33333   1.33333   0.25000  -24.97019
6.32   5.09087  20.60885  14.41380  2.56527E-06  3.99999E+00  4.04314E+20  7.77881E+14 -1.14513E+30  3.72317E+08 -7.30789E+23  0.50000   0.00000   1.33333   1.33333   0.25000  -24.94718
6.34   5.15087  20.64885  14.43380  2.44981E-06  3.99999E+00  4.43322E+20  8.14541E+14 -1.14513E+30  3.72317E+08 -6.97898E+23  0.50000   0.00000   1.33333   1.33333   0.25000  -24.92425
6.36   5.21086  20.68885  14.45380  2.33955E-06  3.99999E+00  4.86093E+20  8.52929E+14 -1.14513E+30  3.72317E+08 -6.66487E+23  0.50000   0.00000   1.33333   1.33333   0.25000  -24.90124
6.38   5.27087  20.72885  14.47380  2.23426E-06  3.99999E+00  5.32990E+20  8.93127E+14 -1.14513E+30  3.72317E+08 -6.36491E+23  0.50000  -0.00000   1.33333   1.33333   0.25000  -24.87821
6.40   5.33087  20.76885  14.49380  2.13370E-06  3.99999E+00  5.84412E+20  9.35219E+14 -1.14513E+30  3.72317E+08 -6.07844E+23  0.50000  -0.00000   1.33333   1.33333   0.25000  -24.85522
6.42   5.39087  20.80885  14.51380  2.03767E-06  3.99999E+00  6.40795E+20  9.79294E+14 -1.14513E+30  3.72317E+08 -5.80486E+23  0.50000   0.00000   1.33333   1.33333   0.25000  -24.83222
6.44   5.45087  20.84885  14.53380  1.94596E-06  3.99999E+00  7.02617E+20  1.02545E+15 -1.14513E+30  3.72317E+08 -5.54360E+23  0.50000   0.00000   1.33333   1.33333   0.25000  -24.80930
6.46   5.51086  20.88885  14.55380  1.85837E-06  3.99999E+00  7.70404E+20  1.07377E+15 -1.14513E+30  3.72317E+08 -5.29410E+23  0.50000   0.00000   1.33333   1.33333   0.25000  -24.78630
6.48   5.57087  20.92885  14.57380  1.77473E-06  3.99999E+00  8.44732E+20  1.12438E+15 -1.14513E+30  3.72317E+08 -5.05582E+23  0.50000  -0.00000   1.33333   1.33333   0.25000  -24.76328
6.50   5.63087  20.96885  14.59380  1.69486E-06  3.99999E+00  9.26230E+20  1.17737E+15 -1.14513E+30  3.72317E+08 -4.82827E+23  0.50000  -0.00000   1.33333   1.33333   0.25000  -24.74030
6.52   5.69087  21.00885  14.61380  1.61858E-06  4.00000E+00  1.01559E+21  1.23286E+15 -1.14513E+30  3.72317E+08 -4.61097E+23  0.50000   0.00000   1.33333   1.33333   0.25000  -24.71731
6.54   5.75087  21.04885  14.63380  1.54573E-06  4.00000E+00  1.11357E+21  1.29096E+15 -1.14513E+30  3.72317E+08 -4.40344E+23  0.50000   0.00000   1.33333   1.33333   0.25000  -24.69440
6.56   5.81086  21.08885  14.65380  1.47616E-06  4.00000E+00  1.22101E+21  1.35180E+15 -1.14513E+30  3.72317E+08 -4.20525E+23  0.50000   0.00000   1.33333   1.33333   0.25000  -24.67141
6.58   5.87087  21.12885  14.67380  1.40972E-06  4.00000E+00  1.33881E+21  1.41551E+15 -1.14513E+30  3.72317E+08 -4.01598E+23  0.50000   0.00000   1.33333   1.33333   0.25000  -24.64840
6.60   5.93087  21.16885  14.69380  1.34627E-06  4.00000E+00  1.46797E+21  1.48222E+15 -1.14513E+30  3.72317E+08 -3.83523E+23  0.50000   0.00000   1.33333   1.33333   0.25000  -24.62543
6.62   5.99087  21.20885  14.71380  1.28568E-06  4.00000E+00  1.60960E+21  1.55208E+15 -1.14513E+30  3.72317E+08 -3.66262E+23  0.50000   0.00000   1.33333   1.33333   0.25000  -24.60245
6.64   6.05087  21.24885  14.73380  1.22782E-06  4.00000E+00  1.76489E+21  1.62522E+15 -1.14513E+30  3.72317E+08 -3.49777E+23  0.50000   0.00000   1.33333   1.33333   0.25000  -24.57956
6.66   6.11086  21.28885  14.75380  1.17256E-06  4.00000E+00  1.93517E+21  1.70182E+15 -1.14513E+30  3.72317E+08 -3.34035E+23  0.50000   0.00000   1.33333   1.33333   0.25000  -24.55657
6.68   6.17087  21.32885  14.77380  1.11978E-06  4.00000E+00  2.12187E+21  1.78202E+15 -1.14513E+30  3.72317E+08 -3.19001E+23  0.50000   0.00000   1.33333   1.33333   0.25000  -24.53358
6.70   6.23087  21.36885  14.79380  1.06938E-06  4.00000E+00  2.32658E+21  1.86601E+15 -1.14513E+30  3.72317E+08 -3.04643E+23  0.50000   0.00000   1.33333   1.33333   0.25000  -24.51062
6.72   6.29087  21.40885  14.81380  1.02125E-06  4.00000E+00  2.55105E+21  1.95395E+15 -1.14513E+30  3.72317E+08 -2.90932E+23  0.50000   0.00000   1.33333   1.33333   0.25000  -24.48766
6.74   6.35087  21.44885  14.83380  9.75289E-07  4.00000E+00  2.79717E+21  2.04603E+15 -1.14513E+30  3.72317E+08 -2.77838E+23  0.50000   0.00000   1.33333   1.33333   0.25000  -24.46478
6.76   6.41086  21.48885  14.85379  9.31394E-07  4.00000E+00  3.06703E+21  2.14246E+15 -1.14513E+30  3.72317E+08 -2.65333E+23  0.50000   0.00000   1.33333   1.33333   0.25000  -24.44182
6.78   6.47087  21.52885  14.87379  8.89475E-07  4.00000E+00  3.36293E+21  2.24343E+15 -1.14513E+30  3.72317E+08 -2.53391E+23  0.50000   0.00000   1.33333   1.33333   0.25000  -24.41884
6.80   6.53087  21.56885  14.89379  8.49442E-07  4.00000E+00  3.68738E+21  2.34916E+15 -1.14513E+30  3.72317E+08 -2.41987E+23  0.50000   0.00000   1.33333   1.33333   0.25000  -24.39590
6.82   6.59087  21.60885  14.91379  8.11211E-07  4.00000E+00  4.04313E+21  2.45987E+15 -1.14513E+30  3.72317E+08 -2.31096E+23  0.50000   0.00000   1.33333   1.33333   0.25000  -24.37296
6.84   6.65087  21.64885  14.93379  7.74700E-07  4.00000E+00  4.43321E+21  2.57581E+15 -1.14513E+30  3.72317E+08 -2.20695E+23  0.50000   0.00000   1.33333   1.33333   0.25000  -24.35010
6.86   6.71086  21.68885  14.95379  7.39833E-07  4.00000E+00  4.86092E+21  2.69720E+15 -1.14513E+30  3.72317E+08 -2.10762E+23  0.50000   0.00000   1.33333   1.33333   0.25000  -24.32716
6.88   6.77087  21.72885  14.97379  7.06535E-07  4.00000E+00  5.32989E+21  2.82431E+15 -1.14513E+30  3.72317E+08 -2.01276E+23  0.50000   0.00000   1.33333   1.33333   0.25000  -24.30421
6.90   6.83087  21.76885  14.99379  6.74736E-07  4.00000E+00  5.84411E+21  2.95742E+15 -1.14513E+30  3.72317E+08 -1.92217E+23  0.50000   0.00000   1.33333   1.33333   0.25000  -24.28129
6.92   6.89087  21.80885  15.01379  6.44368E-07  4.00000E+00  6.40794E+21  3.09680E+15 -1.14513E+30  3.72317E+08 -1.83566E+23  0.50000   0.00000   1.33333   1.33333   0.25000  -24.25837
6.94   6.95087  21.84885  15.03379  6.15366E-07  4.00000E+00  7.02616E+21  3.24275E+15 -1.14513E+30  3.72317E+08 -1.75304E+23  0.50000   0.00000   1.33333   1.33333   0.25000  -24.23554
6.96   7.01086  21.88885  15.05379  5.87670E-07  4.00000E+00  7.70403E+21  3.39557E+15 -1.14513E+30  3.72317E+08 -1.67414E+23  0.50000   0.00000   1.33333   1.33333   0.25000  -24.21262
6.98   7.07087  21.92885  15.07379  5.61221E-07  4.00000E+00  8.44730E+21  3.55560E+15 -1.14513E+30  3.72317E+08 -1.59879E+23  0.50000   0.00000   1.33333   1.33333   0.25000  -24.18970
7.00   7.13087  21.96885  15.09379  5.35962E-07  4.00000E+00  9.26228E+21  3.72317E+15 -1.14513E+30  3.72317E+08 -1.52683E+23  0.50000   0.00000   1.33333   1.33333   0.25000  -24.16681
7.02   7.19087  22.00885  15.11379  5.11839E-07  4.00000E+00  1.01559E+22  3.89864E+15 -1.14513E+30  3.72317E+08 -1.45811E+23  0.50000   0.00000   1.33333   1.33333   0.25000  -24.14392
7.04   7.25087  22.04885  15.13379  4.88803E-07  4.00000E+00  1.11357E+22  4.08238E+15 -1.14513E+30  3.72317E+08 -1.39249E+23  0.50000   0.00000   1.33333   1.33333   0.25000  -24.12112
7.06   7.31086  22.08885  15.15379  4.66803E-07  4.00000E+00  1.22101E+22  4.27477E+15 -1.14513E+30  3.72317E+08 -1.32982E+23  0.50000   0.00000   1.33333   1.33333   0.25000  -24.09824
7.08   7.37087  22.12885  15.17379  4.45794E-07  4.00000E+00  1.33881E+22  4.47624E+15 -1.14513E+30  3.72317E+08 -1.26997E+23  0.50000   0.00000   1.33333   1.33333   0.25000  -24.07535
7.10   7.43087  22.16885  15.19379  4.25730E-07  4.00000E+00  1.46797E+22  4.68719E+15 -1.14513E+30  3.72317E+08 -1.21281E+23  0.50000   0.00000   1.33333   1.33333   0.25000  -24.05250
7.12   7.49087  22.20885  15.21379  4.06569E-07  4.00000E+00  1.60960E+22  4.90810E+15 -1.14513E+30  3.72317E+08 -1.15822E+23  0.50000   0.00000   1.33333   1.33333   0.25000  -24.02965
7.14   7.55087  22.24885  15.23379  3.88270E-07  4.00000E+00  1.76489E+22  5.13941E+15 -1.14513E+30  3.72317E+08 -1.10609E+23  0.50000   0.00000   1.33333   1.33333   0.25000  -24.00689
7.16   7.61086  22.28885  15.25379  3.70795E-07  4.00000E+00  1.93516E+22  5.38162E+15 -1.14513E+30  3.72317E+08 -1.05631E+23  0.50000  -0.00000   1.33333   1.33333   0.25000  -23.98405
7.18   7.67087  22.32885  15.27379  3.54106E-07  4.00000E+00  2.12187E+22  5.63525E+15 -1.14513E+30  3.72317E+08 -1.00877E+23  0.50000  -0.00000   1.33333   1.33333   0.25000  -23.96120
7.20   7.73087  22.36885  15.29379  3.38169E-07  4.00000E+00  2.32658E+22  5.90083E+15 -1.14513E+30  3.72317E+08 -9.63367E+22  0.50000  -0.00000   1.33333   1.33333   0.25000  -23.93840
7.22   7.79087  22.40885  15.31379  3.22949E-07  4.00000E+00  2.55104E+22  6.17893E+15 -1.14513E+30  3.72317E+08 -9.20008E+22  0.50000  -0.00000   1.33333   1.33333   0.25000  -23.91559
7.24   7.85087  22.44885  15.33379  3.08414E-07  4.00000E+00  2.79716E+22  6.47013E+15 -1.14513E+30  3.72317E+08 -8.78601E+22  0.50000  -0.00000   1.33333   1.33333   0.25000  -23.89289
7.26   7.91086  22.48885  15.35379  2.94533E-07  4.00000E+00  3.06703E+22  6.77506E+15 -1.14513E+30  3.72317E+08 -8.39058E+22  0.50000  -0.00000   1.33333   1.33333   0.25000  -23.87010
7.28   7.97087  22.52885  15.37379  2.81277E-07  4.00000E+00  3.36293E+22  7.09436E+15 -1.14513E+30  3.72317E+08 -8.01294E+22  0.50000  -0.00000   1.33333   1.33333   0.25000  -23.84731
7.30   8.03087  22.56885  15.39379  2.68617E-07  4.00000E+00  3.68738E+22  7.42870E+15 -1.14513E+30  3.72317E+08 -7.65230E+22  0.50000  -0.00000   1.33333   1.33333   0.25000  -23.82456
7.32   8.09087  22.60885  15.41379  2.56527E-07  4.00000E+00  4.04313E+22  7.77881E+15 -1.14513E+30  3.72317E+08 -7.30789E+22  0.50000  -0.00000   1.33333   1.33333   0.25000  -23.80182
7.34   8.15087  22.64885  15.43379  2.44982E-07  4.00000E+00  4.43321E+22  8.14541E+15 -1.14513E+30  3.72317E+08 -6.97898E+22  0.50000  -0.00000   1.33333   1.33333   0.25000  -23.77918
7.36   8.21086  22.68885  15.45379  2.33956E-07  4.00000E+00  4.86091E+22  8.52929E+15 -1.14513E+30  3.72317E+08 -6.66487E+22  0.50000  -0.00000   1.33333   1.33333   0.25000  -23.75645
7.38   8.27087  22.72885  15.47379  2.23426E-07  4.00000E+00  5.32989E+22  8.93127E+15 -1.14513E+30  3.72317E+08 -6.36490E+22  0.50000  -0.00000   1.33333   1.33333   0.25000  -23.73373
7.40   8.33087  22.76885  15.49379  2.13370E-07  4.00000E+00  5.84410E+22  9.35218E+15 -1.14513E+30  3.72317E+08 -6.07843E+22  0.50000  -0.00000   1.33333   1.33333   0.25000  -23.71106
7.42   8.39087  22.80885  15.51379  2.03767E-07  4.00000E+00  6.40793E+22  9.79294E+15 -1.14513E+30  3.72317E+08 -5.80486E+22  0.50000  -0.00000   1.33333   1.33333   0.25000  -23.68839
7.44   8.45087  22.84885  15.53379  1.94596E-07  4.00000E+00  7.02616E+22  1.02545E+16 -1.14513E+30  3.72317E+08 -5.54360E+22  0.50000  -0.00000   1.33333   1.33333   0.25000  -23.66583
7.46   8.51086  22.88885  15.55379  1.85838E-07  4.00000E+00  7.70403E+22  1.07377E+16 -1.14513E+30  3.72317E+08 -5.29410E+22  0.50000  -0.00000   1.33333   1.33333   0.25000  -23.64319
7.48   8.57087  22.92885  15.57379  1.77474E-07  4.00000E+00  8.44730E+22  1.12438E+16 -1.14513E+30  3.72317E+08 -5.05582E+22  0.50000  -0.00000   1.33333   1.33333   0.25000  -23.62056
7.50   8.63087  22.96885  15.59379  1.69486E-07  4.00000E+00  9.26228E+22  1.17737E+16 -1.14513E+30  3.72317E+08 -4.82827E+22  0.50000   0.00000   1.33333   1.33333   0.25000  -23.59798
7.52   8.69087  23.00885  15.61379  1.61858E-07  4.00000E+00  1.01559E+23  1.23286E+16 -1.14513E+30  3.72317E+08 -4.61096E+22  0.50000  -0.00000   1.33333   1.33333   0.25000  -23.57541
7.54   8.75087  23.04885  15.63379  1.54573E-07  4.00000E+00  1.11357E+23  1.29096E+16 -1.14513E+30  3.72317E+08 -4.40344E+22  0.50000  -0.00000   1.33333   1.33333   0.25000  -23.55294
7.56   8.81086  23.08885  15.65379  1.47616E-07  4.00000E+00  1.22101E+23  1.35180E+16 -1.14513E+30  3.72317E+08 -4.20525E+22  0.50000  -0.00000   1.33333   1.33333   0.25000  -23.53041
7.58   8.87087  23.12885  15.67379  1.40972E-07  4.00000E+00  1.33881E+23  1.41551E+16 -1.14513E+30  3.72317E+08 -4.01598E+22  0.50000  -0.00000   1.33333   1.33333   0.25000  -23.50789
7.60   8.93087  23.16885  15.69379  1.34628E-07  4.00000E+00  1.46797E+23  1.48222E+16 -1.14513E+30  3.72317E+08 -3.83523E+22  0.50000  -0.00000   1.33333   1.33333   0.25000  -23.48542
7.62   8.99087  23.20885  15.71379  1.28568E-07  4.00000E+00  1.60960E+23  1.55208E+16 -1.14513E+30  3.72317E+08 -3.66262E+22  0.50000  -0.00000   1.33333   1.33333   0.25000  -23.46297
7.64   9.05087  23.24885  15.73379  1.22782E-07  4.00000E+00  1.76489E+23  1.62522E+16 -1.14513E+30  3.72317E+08 -3.49777E+22  0.50000  -0.00000   1.33333   1.33333   0.25000  -23.44063
7.66   9.11086  23.28885  15.75379  1.17256E-07  4.00000E+00  1.93516E+23  1.70182E+16 -1.14513E+30  3.72317E+08 -3.34035E+22  0.50000  -0.00000   1.33333   1.33333   0.25000  -23.41823
7.68   9.17087  23.32885  15.77379  1.11978E-07  4.00000E+00  2.12187E+23  1.78202E+16 -1.14513E+30  3.72317E+08 -3.19001E+22  0.50000  -0.00000   1.33333   1.33333   0.25000  -23.39585
7.70   9.23087  23.36885  15.79379  1.06938E-07  4.00000E+00  2.32658E+23  1.86601E+16 -1.14513E+30  3.72317E+08 -3.04643E+22  0.50000  -0.00000   1.33333   1.33333   0.25000  -23.37353
7.72   9.29087  23.40885  15.81379  1.02125E-07  4.00000E+00  2.55104E+23  1.95395E+16 -1.14513E+30  3.72317E+08 -2.90932E+22  0.50000  -0.00000   1.33333   1.33333   0.25000  -23.35123
7.74   9.35087  23.44885  15.83379  9.75290E-08  4.00000E+00  2.79716E+23  2.04603E+16 -1.14513E+30  3.72317E+08 -2.77838E+22  0.50000  -0.00000   1.33333   1.33333   0.25000  -23.32905
7.76   9.41086  23.48885  15.85379  9.31395E-08  4.00000E+00  3.06703E+23  2.14246E+16 -1.14513E+30  3.72317E+08 -2.65333E+22  0.50000  -0.00000   1.33333   1.33333   0.25000  -23.30682
7.78   9.47087  23.52885  15.87379  8.89475E-08  4.00000E+00  3.36293E+23  2.24343E+16 -1.14513E+30  3.72317E+08 -2.53391E+22  0.50000  -0.00000   1.33333   1.33333   0.25000  -23.28460
7.80   9.53087  23.56885  15.89379  8.49442E-08  4.00000E+00  3.68738E+23  2.34916E+16 -1.14513E+30  3.72317E+08 -2.41987E+22  0.50000  -0.00000   1.33333   1.33333   0.25000  -23.26246
7.82   9.59087  23.60885  15.91379  8.11211E-08  4.00000E+00  4.04313E+23  2.45987E+16 -1.14513E+30  3.72317E+08 -2.31096E+22  0.50000  -0.00000   1.33333   1.33333   0.25000  -23.24035
7.84   9.65087  23.64885  15.93379  7.74701E-08  4.00000E+00  4.43320E+23  2.57580E+16 -1.14513E+30  3.72317E+08 -2.20695E+22  0.50000  -0.00000   1.33333   1.33333   0.25000  -23.21837
7.86   9.71086  23.68885  15.95379  7.39833E-08  4.00000E+00  4.86091E+23  2.69720E+16 -1.14513E+30  3.72317E+08 -2.10762E+22  0.50000  -0.00000   1.33333   1.33333   0.25000  -23.19635
7.88   9.77087  23.72885  15.97379  7.06535E-08  4.00000E+00  5.32988E+23  2.82431E+16 -1.14513E+30  3.72317E+08 -2.01276E+22  0.50000  -0.00000   1.33333   1.33333   0.25000  -23.17435
7.90   9.83087  23.76885  15.99379  6.74736E-08  4.00000E+00  5.84410E+23  2.95742E+16 -1.14513E+30  3.72317E+08 -1.92217E+22  0.50000  -0.00000   1.33333   1.33333   0.25000  -23.15244
7.92   9.89087  23.80885  16.01379  6.44368E-08  4.00000E+00  6.40793E+23  3.09680E+16 -1.14513E+30  3.72317E+08 -1.83566E+22  0.50000  -0.00000   1.33333   1.33333   0.25000  -23.13057
7.94   9.95087  23.84885  16.03379  6.15367E-08  4.00000E+00  7.02616E+23  3.24275E+16 -1.14513E+30  3.72317E+08 -1.75304E+22  0.50000  -0.00000   1.33333   1.33333   0.25000  -23.10883
7.96  10.01086  23.88885  16.05379  5.87671E-08  4.00000E+00  7.70403E+23  3.39557E+16 -1.14513E+30  3.72317E+08 -1.67414E+22  0.50000  -0.00000   1.33333   1.33333   0.25000  -23.08707
7.98  10.07087  23.92885  16.07379  5.61221E-08  4.00000E+00  8.44730E+23  3.55560E+16 -1.14513E+30  3.72317E+08 -1.59879E+22  0.50000  -0.00000   1.33333   1.33333   0.25000  -23.06534
8.00  10.13087  23.96885  16.09379  5.35962E-08  4.00000E+00  9.26228E+23  3.72317E+16 -1.14513E+30  3.72317E+08 -1.52683E+22  0.50000  -0.00000   1.33333   1.33333   0.25000  -23.04371
8.02  10.19087  24.00885  16.11379  5.11840E-08  4.00000E+00  1.01559E+24  3.89864E+16 -1.14513E+30  3.72317E+08 -1.45811E+22  0.50000  -0.00000   1.33333   1.33333   0.25000  -23.02214
8.04  10.25087  24.04885  16.13379  4.88803E-08  4.00000E+00  1.11357E+24  4.08238E+16 -1.14513E+30  3.72317E+08 -1.39249E+22  0.50000  -0.00000   1.33333   1.33333   0.25000  -23.00072
8.06  10.31086  24.08885  16.15379  4.66803E-08  4.00000E+00  1.22101E+24  4.27477E+16 -1.14513E+30  3.72317E+08 -1.32982E+22  0.50000  -0.00000   1.33333   1.33333   0.25000  -22.97928
8.08  10.37087  24.12885  16.17379  4.45794E-08  4.00000E+00  1.33881E+24  4.47624E+16 -1.14513E+30  3.72317E+08 -1.26996E+22  0.50000  -0.00000   1.33333   1.33333   0.25000  -22.95789
8.10  10.43087  24.16885  16.19379  4.25730E-08  4.00000E+00  1.46797E+24  4.68719E+16 -1.14513E+30  3.72317E+08 -1.21281E+22  0.50000  -0.00000   1.33333   1.33333   0.25000  -22.93662
8.12  10.49087  24.20885  16.21379  4.06569E-08  4.00000E+00  1.60960E+24  4.90810E+16 -1.14513E+30  3.72317E+08 -1.15822E+22  0.50000  -0.00000   1.33333   1.33333   0.25000  -22.91541
8.14  10.55087  24.24885  16.23379  3.88270E-08  4.00000E+00  1.76489E+24  5.13941E+16 -1.14513E+30  3.72317E+08 -1.10609E+22  0.50000  -0.00000   1.33333   1.33333   0.25000  -22.89438
8.16  10.61086  24.28885  16.25379  3.70795E-08  4.00000E+00  1.93516E+24  5.38162E+16 -1.14513E+30  3.72317E+08 -1.05631E+22  0.50000  -0.00000   1.33333   1.33333   0.25000  -22.87334
8.18  10.67087  24.32885  16.27379  3.54107E-08  4.00000E+00  2.12187E+24  5.63525E+16 -1.14513E+30  3.72317E+08 -1.00877E+22  0.50000  -0.00000   1.33333   1.33333   0.25000  -22.85238
8.20  10.73087  24.36885  16.29379  3.38169E-08  4.00000E+00  2.32658E+24  5.90083E+16 -1.14513E+30  3.72317E+08 -9.63367E+21  0.50000   0.00000   1.33333   1.33333   0.25000  -22.83155


       logQ = logRho - 2*logT + 12
      -10.060000

logT   logPgas      logE      logS       chiRho         chiT           Cp           Cv      dE_dRho        dS_dT      dS_dRho      mu  log_free_e   gamma1    gamma3   grad_ad       eta
2.10  -4.28120   9.90528   9.17145  9.88041E-01  1.03588E+00  1.14092E+08  6.83968E+07 -1.90043E+22  5.43295E+05 -4.35851E+21  0.50000 -99.00000   1.64814   1.63724   0.38664  -20.00000
2.12  -4.26120   9.92680   9.17238  9.86293E-01  1.04112E+00  1.15614E+08  6.92914E+07 -2.28483E+22  5.25629E+05 -4.38833E+21  0.50000 -99.00000   1.64565   1.63332   0.38484  -20.00000
2.14  -4.24120   9.94854   9.17332  9.84294E-01  1.04712E+00  1.17367E+08  7.03185E+07 -2.74696E+22  5.09413E+05 -4.42257E+21  0.50000 -99.00000   1.64286   1.62893   0.38283  -20.00000
2.16  -4.22120   9.97052   9.17427  9.82010E-01  1.05397E+00  1.19386E+08  7.14978E+07 -3.30258E+22  4.94644E+05 -4.46188E+21  0.50000 -99.00000   1.63975   1.62406   0.38058  -20.00000
